   9.53586871841400e+03
  -3.14528459209932e+01
  -4.74340000000000e+03
  -4.74340000000000e+03
  -3.14528459209932e+01
   9.53113348845542e+03
  -4.74340000000000e+03
  -4.74340000000000e+03
  -4.74340000000000e+03
   1.42596200138762e+04
  -1.61125113940154e+01
  -4.74340000000000e+03
  -4.74340000000000e+03
  -4.74340000000000e+03
  -1.61125113940154e+01
   1.42497894741826e+04
  -4.74340000000000e+03
  -4.74340000000000e+03
  -4.74340000000000e+03
   1.42817584170417e+04
  -7.03348460250800e+00
  -4.74340000000000e+03
  -4.74340000000000e+03
  -4.74340000000000e+03
  -7.03348460250800e+00
   1.42425977629423e+04
  -4.74340000000000e+03
  -4.74340000000000e+03
  -4.74340000000000e+03
   1.43721564801739e+04
   4.04989039099416e+00
  -4.74340000000000e+03
  -4.74340000000000e+03
  -4.74340000000000e+03
   4.04989039099416e+00
   1.42718510464508e+04
  -4.74340000000000e+03
  -4.74340000000000e+03
  -4.74340000000000e+03
   1.45030790115309e+04
   7.45414483089867e+01
  -4.74340000000000e+03
  -4.74340000000000e+03
  -4.74340000000000e+03
   7.45414483089867e+01
   1.43814198534569e+04
  -4.74340000000000e+03
  -4.74340000000000e+03
  -4.74340000000000e+03
   1.45226228414558e+04
   1.55062354882841e+02
  -4.74340000000000e+03
  -4.74340000000000e+03
  -4.74340000000000e+03
   1.55062354882841e+02
   1.44311442063679e+04
  -4.74340000000000e+03
  -4.74340000000000e+03
  -4.74340000000000e+03
   1.47708816935855e+04
   1.91679827722174e+02
  -4.74340000000000e+03
  -4.74340000000000e+03
  -4.74340000000000e+03
   1.91679827722174e+02
   1.46163214681479e+04
  -4.74340000000000e+03
  -4.74340000000000e+03
  -4.74340000000000e+03
   5.07172938162666e+03
  -2.71760168230301e+02
   0.00000000000000e+00
  -4.74340000000000e+03
  -4.74340000000000e+03
  -2.71760168230301e+02
   5.44487569335039e+03
   0.00000000000000e+00
  -4.74340000000000e+03
  -4.74340000000000e+03
   0.00000000000000e+00
   1.42602729409106e+04
  -2.44907703302345e+01
  -4.74340000000000e+03
  -4.74340000000000e+03
  -4.74340000000000e+03
   0.00000000000000e+00
  -2.44907703302345e+01
   1.42709100648913e+04
  -4.74340000000000e+03
  -4.74340000000000e+03
  -4.74340000000000e+03
  -4.74340000000000e+03
   1.89984128267101e+04
  -1.30146823946400e+01
  -4.74340000000000e+03
  -4.74340000000000e+03
  -4.74340000000000e+03
  -4.74340000000000e+03
  -1.30146823946400e+01
   1.90004329485866e+04
  -4.74340000000000e+03
  -4.74340000000000e+03
  -4.74340000000000e+03
  -4.74340000000000e+03
   1.90217156303411e+04
  -7.05533520146678e+00
  -4.74340000000000e+03
  -4.74340000000000e+03
  -4.74340000000000e+03
  -4.74340000000000e+03
  -7.05533520146678e+00
   1.89931137372334e+04
  -4.74340000000000e+03
  -4.74340000000000e+03
  -4.74340000000000e+03
  -4.74340000000000e+03
   1.91248439199185e+04
  -2.34621334906898e+00
  -4.74340000000000e+03
  -4.74340000000000e+03
  -4.74340000000000e+03
  -4.74340000000000e+03
  -2.34621334906898e+00
   1.90481583753135e+04
  -4.74340000000000e+03
  -4.74340000000000e+03
  -4.74340000000000e+03
  -4.74340000000000e+03
   1.92063657010913e+04
   2.01788782088640e+01
  -4.74340000000000e+03
  -4.74340000000000e+03
  -4.74340000000000e+03
  -4.74340000000000e+03
   2.01788782088640e+01
   1.91790868833297e+04
  -4.74340000000000e+03
  -4.74340000000000e+03
  -4.74340000000000e+03
  -4.74340000000000e+03
   1.91787121744344e+04
   5.33452627770784e+01
  -4.74340000000000e+03
  -4.74340000000000e+03
  -4.74340000000000e+03
  -4.74340000000000e+03
   5.33452627770784e+01
   1.91720436768288e+04
  -4.74340000000000e+03
  -4.74340000000000e+03
  -4.74340000000000e+03
  -4.74340000000000e+03
   1.91610267475178e+04
   6.07720459443776e+01
  -4.74340000000000e+03
  -4.74340000000000e+03
  -4.74340000000000e+03
  -4.74340000000000e+03
   6.07720459443776e+01
   1.90770634672007e+04
  -4.74340000000000e+03
  -4.74340000000000e+03
  -4.74340000000000e+03
  -4.74340000000000e+03
   9.57914286156757e+03
  -1.25352569785880e+02
   0.00000000000000e+00
  -4.74340000000000e+03
  -4.74340000000000e+03
  -4.74340000000000e+03
  -1.25352569785880e+02
   1.01631580077285e+04
   0.00000000000000e+00
  -4.74340000000000e+03
  -4.74340000000000e+03
   0.00000000000000e+00
   1.42334512181960e+04
  -6.87186844688772e+00
  -4.74340000000000e+03
  -4.74340000000000e+03
  -4.74340000000000e+03
   0.00000000000000e+00
  -6.87186844688772e+00
   1.42627603684884e+04
  -4.74340000000000e+03
  -4.74340000000000e+03
  -4.74340000000000e+03
  -4.74340000000000e+03
   1.89797167563792e+04
  -8.34072609524178e+00
  -4.74340000000000e+03
  -4.74340000000000e+03
  -4.74340000000000e+03
  -4.74340000000000e+03
  -8.34072609524178e+00
   1.90086132211828e+04
  -4.74340000000000e+03
  -4.74340000000000e+03
  -4.74340000000000e+03
  -4.74340000000000e+03
   1.89867698339145e+04
  -5.80489772603700e+00
  -4.74340000000000e+03
  -4.74340000000000e+03
  -4.74340000000000e+03
  -4.74340000000000e+03
  -5.80489772603700e+00
   1.89999073976595e+04
  -4.74340000000000e+03
  -4.74340000000000e+03
  -4.74340000000000e+03
  -4.74340000000000e+03
   1.90194978225037e+04
  -4.59657120547620e+00
  -4.74340000000000e+03
  -4.74340000000000e+03
  -4.74340000000000e+03
  -4.74340000000000e+03
  -4.59657120547620e+00
   1.90696370549286e+04
  -4.74340000000000e+03
  -4.74340000000000e+03
  -4.74340000000000e+03
  -4.74340000000000e+03
   1.90762292701521e+04
  -3.51791470100680e+00
  -4.74340000000000e+03
  -4.74340000000000e+03
  -4.74340000000000e+03
  -4.74340000000000e+03
  -3.51791470100680e+00
   1.93595034987386e+04
  -4.74340000000000e+03
  -4.74340000000000e+03
  -4.74340000000000e+03
  -4.74340000000000e+03
   1.90648109320017e+04
  -2.24946245102208e+00
  -4.74340000000000e+03
  -4.74340000000000e+03
  -4.74340000000000e+03
  -4.74340000000000e+03
  -2.24946245102208e+00
   1.93481892538581e+04
  -4.74340000000000e+03
  -4.74340000000000e+03
  -4.74340000000000e+03
  -4.74340000000000e+03
   1.90270576341520e+04
   7.71092610276480e+00
  -4.74340000000000e+03
  -4.74340000000000e+03
  -4.74340000000000e+03
  -4.74340000000000e+03
   7.71092610276480e+00
   1.90577609251671e+04
  -4.74340000000000e+03
  -4.74340000000000e+03
  -4.74340000000000e+03
  -4.74340000000000e+03
   9.52382496664788e+03
  -7.65515518647880e+01
   0.00000000000000e+00
  -4.74340000000000e+03
  -4.74340000000000e+03
  -4.74340000000000e+03
  -7.65515518647880e+01
   1.06544462557603e+04
   0.00000000000000e+00
  -4.74340000000000e+03
  -4.74340000000000e+03
   0.00000000000000e+00
   1.42310557943008e+04
  -3.36313703130797e+00
  -4.74340000000000e+03
  -4.74340000000000e+03
  -4.74340000000000e+03
   0.00000000000000e+00
  -3.36313703130797e+00
   1.42667276736945e+04
  -4.74340000000000e+03
  -4.74340000000000e+03
  -4.74340000000000e+03
  -4.74340000000000e+03
   1.89779653797389e+04
  -6.67792029548404e+00
  -4.74340000000000e+03
  -4.74340000000000e+03
  -4.74340000000000e+03
  -4.74340000000000e+03
  -6.67792029548404e+00
   1.90183801650887e+04
  -4.74340000000000e+03
  -4.74340000000000e+03
  -4.74340000000000e+03
  -4.74340000000000e+03
   1.89881509426526e+04
  -5.95468765806978e+00
  -4.74340000000000e+03
  -4.74340000000000e+03
  -4.74340000000000e+03
  -4.74340000000000e+03
  -5.95468765806978e+00
   1.90112851662690e+04
  -4.74340000000000e+03
  -4.74340000000000e+03
  -4.74340000000000e+03
  -4.74340000000000e+03
   1.90356334212237e+04
  -4.59435489894499e+00
  -4.74340000000000e+03
  -4.74340000000000e+03
  -4.74340000000000e+03
  -4.74340000000000e+03
  -4.59435489894499e+00
   1.91036098207451e+04
  -4.74340000000000e+03
  -4.74340000000000e+03
  -4.74340000000000e+03
  -4.74340000000000e+03
   1.93565561309444e+04
   2.91176180654580e+00
  -4.74340000000000e+03
  -4.74340000000000e+03
  -4.74340000000000e+03
  -4.74340000000000e+03
   2.91176180654580e+00
   2.03691061671257e+04
  -4.74340000000000e+03
  -4.74340000000000e+03
  -4.74340000000000e+03
  -4.74340000000000e+03
   1.97011734318636e+04
  -2.52662009192848e+01
  -4.74340000000000e+03
  -4.74340000000000e+03
  -4.74340000000000e+03
  -4.74340000000000e+03
  -2.52662009192848e+01
   2.21103233347999e+04
  -4.74340000000000e+03
  -4.74340000000000e+03
  -4.74340000000000e+03
  -4.74340000000000e+03
   1.91969109335882e+04
  -6.89763602679160e+00
  -4.74340000000000e+03
  -4.74340000000000e+03
  -4.74340000000000e+03
  -4.74340000000000e+03
  -6.89763602679160e+00
   1.93401406904562e+04
  -4.74340000000000e+03
  -4.74340000000000e+03
  -4.74340000000000e+03
  -4.74340000000000e+03
   9.61317455227159e+03
  -8.31107667238038e+00
   0.00000000000000e+00
  -4.74340000000000e+03
  -4.74340000000000e+03
  -4.74340000000000e+03
  -8.31107667238038e+00
   1.38413101747810e+04
   0.00000000000000e+00
  -4.74340000000000e+03
  -4.74340000000000e+03
   0.00000000000000e+00
   1.42423682578723e+04
   3.24994234606596e+00
  -4.74340000000000e+03
  -4.74340000000000e+03
  -4.74340000000000e+03
   0.00000000000000e+00
   3.24994234606596e+00
   1.42818543762776e+04
  -4.74340000000000e+03
  -4.74340000000000e+03
  -4.74340000000000e+03
  -4.74340000000000e+03
   1.89995430386545e+04
  -1.60340402968860e+00
  -4.74340000000000e+03
  -4.74340000000000e+03
  -4.74340000000000e+03
  -4.74340000000000e+03
  -1.60340402968860e+00
   1.90337880559212e+04
  -4.74340000000000e+03
  -4.74340000000000e+03
  -4.74340000000000e+03
  -4.74340000000000e+03
   1.90571524846277e+04
  -2.18939485590188e+00
  -4.74340000000000e+03
  -4.74340000000000e+03
  -4.74340000000000e+03
  -4.74340000000000e+03
  -2.18939485590188e+00
   1.90303243559529e+04
  -4.74340000000000e+03
  -4.74340000000000e+03
  -4.74340000000000e+03
  -4.74340000000000e+03
   1.92872315835673e+04
   1.02076268738786e+00
  -4.74340000000000e+03
  -4.74340000000000e+03
  -4.74340000000000e+03
  -4.74340000000000e+03
   1.02076268738786e+00
   1.91463351409245e+04
  -4.74340000000000e+03
  -4.74340000000000e+03
  -4.74340000000000e+03
  -4.74340000000000e+03
   2.08545764567145e+04
   4.65242734427911e+01
  -4.74340000000000e+03
  -4.74340000000000e+03
  -4.74340000000000e+03
  -4.74340000000000e+03
   4.65242734427911e+01
   2.06748906437982e+04
  -4.74340000000000e+03
  -4.74340000000000e+03
  -4.74340000000000e+03
  -4.74340000000000e+03
   1.96944075789197e+04
  -1.00291827054738e+01
  -4.74340000000000e+03
  -4.74340000000000e+03
  -4.74340000000000e+03
  -4.74340000000000e+03
  -1.00291827054738e+01
   1.98126106020026e+04
  -4.74340000000000e+03
  -4.74340000000000e+03
  -4.74340000000000e+03
  -4.74340000000000e+03
   1.92951839969273e+04
  -3.27223572090290e+01
  -4.74340000000000e+03
  -4.74340000000000e+03
  -4.74340000000000e+03
  -4.74340000000000e+03
  -3.27223572090290e+01
   1.91559036830187e+04
  -4.74340000000000e+03
  -4.74340000000000e+03
  -4.74340000000000e+03
  -4.74340000000000e+03
   9.65735998957315e+03
   1.30617757982330e+02
   0.00000000000000e+00
  -4.74340000000000e+03
  -4.74340000000000e+03
  -4.74340000000000e+03
   1.30617757982330e+02
   1.15969558456777e+04
   0.00000000000000e+00
  -4.74340000000000e+03
  -4.74340000000000e+03
   0.00000000000000e+00
   1.42966724389920e+04
   3.99780857453040e+01
  -4.74340000000000e+03
  -4.74340000000000e+03
  -4.74340000000000e+03
   0.00000000000000e+00
   3.99780857453040e+01
   1.43063934283351e+04
  -4.74340000000000e+03
  -4.74340000000000e+03
  -4.74340000000000e+03
  -4.74340000000000e+03
   1.90585352614494e+04
   2.47299390891961e+01
  -4.74340000000000e+03
  -4.74340000000000e+03
  -4.74340000000000e+03
  -4.74340000000000e+03
   2.47299390891961e+01
   1.90502429062307e+04
  -4.74340000000000e+03
  -4.74340000000000e+03
  -4.74340000000000e+03
  -4.74340000000000e+03
   1.91797678485189e+04
   1.40694403445896e+01
  -4.74340000000000e+03
  -4.74340000000000e+03
  -4.74340000000000e+03
  -4.74340000000000e+03
   1.40694403445896e+01
   1.90400448497850e+04
  -4.74340000000000e+03
  -4.74340000000000e+03
  -4.74340000000000e+03
  -4.74340000000000e+03
   1.96062441000048e+04
   3.22798200601066e+00
  -4.74340000000000e+03
  -4.74340000000000e+03
  -4.74340000000000e+03
  -4.74340000000000e+03
   3.22798200601066e+00
   1.91433156223676e+04
  -4.74340000000000e+03
  -4.74340000000000e+03
  -4.74340000000000e+03
  -4.74340000000000e+03
   2.03751663822803e+04
  -6.35064462420420e+01
  -4.74340000000000e+03
  -4.74340000000000e+03
  -4.74340000000000e+03
  -4.74340000000000e+03
  -6.35064462420420e+01
   1.95545749800489e+04
  -4.74340000000000e+03
  -4.74340000000000e+03
  -4.74340000000000e+03
  -4.74340000000000e+03
   2.03334050520506e+04
  -2.13770505118872e+02
  -4.74340000000000e+03
  -4.74340000000000e+03
  -4.74340000000000e+03
  -4.74340000000000e+03
  -2.13770505118872e+02
   1.96769495396260e+04
  -4.74340000000000e+03
  -4.74340000000000e+03
  -4.74340000000000e+03
  -4.74340000000000e+03
   1.93305396974403e+04
  -9.29372797985984e+01
  -4.74340000000000e+03
  -4.74340000000000e+03
  -4.74340000000000e+03
  -4.74340000000000e+03
  -9.29372797985984e+01
   1.90894534985161e+04
  -4.74340000000000e+03
  -4.74340000000000e+03
  -4.74340000000000e+03
  -4.74340000000000e+03
   9.75017460416200e+03
   2.26947957808796e+02
   0.00000000000000e+00
  -4.74340000000000e+03
  -4.74340000000000e+03
  -4.74340000000000e+03
   2.26947957808796e+02
   1.09010636514976e+04
   0.00000000000000e+00
  -4.74340000000000e+03
  -4.74340000000000e+03
   0.00000000000000e+00
   1.43001047534830e+04
   3.38986808271960e+01
  -4.74340000000000e+03
  -4.74340000000000e+03
  -4.74340000000000e+03
   0.00000000000000e+00
   3.38986808271960e+01
   1.43259144724739e+04
  -4.74340000000000e+03
  -4.74340000000000e+03
  -4.74340000000000e+03
  -4.74340000000000e+03
   1.90060865856973e+04
   3.06469232302996e+01
  -4.74340000000000e+03
  -4.74340000000000e+03
  -4.74340000000000e+03
  -4.74340000000000e+03
   3.06469232302996e+01
   1.90458178216101e+04
  -4.74340000000000e+03
  -4.74340000000000e+03
  -4.74340000000000e+03
  -4.74340000000000e+03
   1.90210559507243e+04
   1.40989477380975e+01
  -4.74340000000000e+03
  -4.74340000000000e+03
  -4.74340000000000e+03
  -4.74340000000000e+03
   1.40989477380975e+01
   1.90305112448148e+04
  -4.74340000000000e+03
  -4.74340000000000e+03
  -4.74340000000000e+03
  -4.74340000000000e+03
   1.90968706969557e+04
  -2.73741316300480e+00
  -4.74340000000000e+03
  -4.74340000000000e+03
  -4.74340000000000e+03
  -4.74340000000000e+03
  -2.73741316300480e+00
   1.91051461968642e+04
  -4.74340000000000e+03
  -4.74340000000000e+03
  -4.74340000000000e+03
  -4.74340000000000e+03
   1.91338289416553e+04
  -6.00326722309710e+01
  -4.74340000000000e+03
  -4.74340000000000e+03
  -4.74340000000000e+03
  -4.74340000000000e+03
  -6.00326722309710e+01
   1.92201925215743e+04
  -4.74340000000000e+03
  -4.74340000000000e+03
  -4.74340000000000e+03
  -4.74340000000000e+03
   1.92003564047757e+04
  -1.47001730274868e+02
  -4.74340000000000e+03
  -4.74340000000000e+03
  -4.74340000000000e+03
  -4.74340000000000e+03
  -1.47001730274868e+02
   1.93122178537943e+04
  -4.74340000000000e+03
  -4.74340000000000e+03
  -4.74340000000000e+03
  -4.74340000000000e+03
   1.96210022103169e+04
  -1.31947389586530e+02
  -4.74340000000000e+03
  -4.74340000000000e+03
  -4.74340000000000e+03
  -4.74340000000000e+03
  -1.31947389586530e+02
   1.96103527326601e+04
  -4.74340000000000e+03
  -4.74340000000000e+03
  -4.74340000000000e+03
  -4.74340000000000e+03
   9.82189574989256e+03
   4.75270972855236e+02
   0.00000000000000e+00
  -4.74340000000000e+03
  -4.74340000000000e+03
  -4.74340000000000e+03
   4.75270972855236e+02
   1.06250117455658e+04
   0.00000000000000e+00
  -4.74340000000000e+03
  -4.74340000000000e+03
   0.00000000000000e+00
   4.92126161734973e+03
  -6.75622356454728e+01
  -4.74340000000000e+03
  -4.74340000000000e+03
   0.00000000000000e+00
  -6.75622356454728e+01
   4.85630192818000e+03
  -4.74340000000000e+03
  -4.74340000000000e+03
  -4.74340000000000e+03
   9.74384840142031e+03
  -5.75915721033370e+01
  -4.74340000000000e+03
  -4.74340000000000e+03
  -4.74340000000000e+03
  -5.75915721033370e+01
   9.54792033872728e+03
  -4.74340000000000e+03
  -4.74340000000000e+03
  -4.74340000000000e+03
   1.01505029881062e+04
  -5.27951851548887e+01
  -4.74340000000000e+03
  -4.74340000000000e+03
  -4.74340000000000e+03
  -5.27951851548887e+01
   9.52567027633915e+03
  -4.74340000000000e+03
  -4.74340000000000e+03
  -4.74340000000000e+03
   1.13010085650172e+04
   2.40248027781604e+01
  -4.74340000000000e+03
  -4.74340000000000e+03
  -4.74340000000000e+03
   2.40248027781604e+01
   9.56709611808756e+03
  -4.74340000000000e+03
  -4.74340000000000e+03
  -4.74340000000000e+03
   1.13857666543867e+04
   2.03732297355516e+02
  -4.74340000000000e+03
  -4.74340000000000e+03
  -4.74340000000000e+03
   2.03732297355516e+02
   9.64173896185434e+03
  -4.74340000000000e+03
  -4.74340000000000e+03
  -4.74340000000000e+03
   1.10863816154097e+04
   3.86790252706624e+02
  -4.74340000000000e+03
  -4.74340000000000e+03
  -4.74340000000000e+03
   3.86790252706624e+02
   9.74293274861671e+03
  -4.74340000000000e+03
  -4.74340000000000e+03
  -4.74340000000000e+03
   1.05208891548024e+04
   4.39445387568096e+02
  -4.74340000000000e+03
  -4.74340000000000e+03
  -4.74340000000000e+03
   4.39445387568096e+02
   9.79046062427508e+03
  -4.74340000000000e+03
  -4.74340000000000e+03
  -4.74340000000000e+03
   7.88071928883876e+02
   7.56861617054060e+02
  -4.74340000000000e+03
  -4.74340000000000e+03
   7.56861617054060e+02
   7.67556119090180e+02
